			ОТДЕЛ ФИНАНСОВ
			ДАТА 17.12.2021

ОТЧЕТ №20211200

Отчет по прибыли за 2021 год

+-------------+----------+----------+----------+----------+----------+----------+----------+----------+----------+----------+----------+----------+
| Тип         | январь   | февраль  | март     | апрель   | май      | июнь     | июль     | август   | сентябрь | октябрь  | ноябрь   | декабрь  |
+-------------+----------+----------+----------+----------+----------+----------+----------+----------+----------+----------+----------+----------+
| Кеды        |          |          |          |          |          |          |          |          |          |          |          |          |
| Количество  | 34       | 0        | 0        | 0        | 0        | 0        | 0        | 0        | 0        | 0        | 0        | 572      |
| Прибыль     | 9520     | 0        | 0        | 0        | 0        | 0        | 0        | 0        | 0        | 0        | 0        | 157360   |
| Ср. цена    | 280      | 0        | 0        | 0        | 0        | 0        | 0        | 0        | 0        | 0        | 0        | 275,1    |
+-------------+----------+----------+----------+----------+----------+----------+----------+----------+----------+----------+----------+----------+
| 12          |          |          |          |          |          |          |          |          |          |          |          |          |
| Количество  | 0        | 0        | 0        | 0        | 0        | 0        | 0        | 0        | 0        | 0        | 6        | 3        |
| Прибыль     | 0        | 0        | 0        | 0        | 0        | 0        | 0        | 0        | 0        | 0        | 72       | 36       |
| Ср. цена    | 0        | 0        | 0        | 0        | 0        | 0        | 0        | 0        | 0        | 0        | 12       | 12       |
+-------------+----------+----------+----------+----------+----------+----------+----------+----------+----------+----------+----------+----------+
| 123         |          |          |          |          |          |          |          |          |          |          |          |          |
| Количество  | 0        | 0        | 0        | 0        | 0        | 0        | 0        | 0        | 0        | 0        | 0        | 3        |
| Прибыль     | 0        | 0        | 0        | 0        | 0        | 0        | 0        | 0        | 0        | 0        | 0        | 639      |
| Ср. цена    | 0        | 0        | 0        | 0        | 0        | 0        | 0        | 0        | 0        | 0        | 0        | 213      |
+-------------+----------+----------+----------+----------+----------+----------+----------+----------+----------+----------+----------+----------+
| Шлепанцы    |          |          |          |          |          |          |          |          |          |          |          |          |
| Количество  | 0        | 0        | 0        | 0        | 0        | 0        | 0        | 0        | 0        | 0        | 0        | 1        |
| Прибыль     | 0        | 0        | 0        | 0        | 0        | 0        | 0        | 0        | 0        | 0        | 0        | 22       |
| Ср. цена    | 0        | 0        | 0        | 0        | 0        | 0        | 0        | 0        | 0        | 0        | 0        | 22       |
+-------------+----------+----------+----------+----------+----------+----------+----------+----------+----------+----------+----------+----------+
